0,-0.017302,-0.038927,-0.050639,0.025264,-0.00041859,0.02151,0.017678,-0.0043413,-0.042447,-0.014137,-0.011102,0.0083642,-0.036669,0.0073107,-0.010307,0.013158,0.01469,0.010074,0.019623,-0.0024695,-0.0033411,-0.022564,0.0072159,-0.0075744,-0.0030353,-0.016277,-0.020393,0.025017,0.016701,0.040619,0.017085,0.0061584,-0.019038,-0.021094,0.026814,0.022049,-0.0035793,-0.021083,-0.034825,-0.0018977,0.018033,-0.036793,-0.00083126,0.023916,0.0059393,-0.0054666,-0.0054338,-0.029376,-0.020635,-0.02419,0.0014896,0.016382,-0.021961,0.0047579,-0.0062963,-0.047218,-0.012432,-0.014107,0.00020223,0.014178,0.046776,0.013908,-0.0035386,0.037081,0.036076,0.029596,-0.012589,0.026241,-0.028603,-0.0073646,0.011443,-0.0064277,-0.031464,0.0027348,0.019348,0.0092499,-0.019417,-0.017685,0.010256,0.017704,0.0032485,0.03862,0.021124,-0.0077811,0.0018473,0.010346,-0.00083225,0.02589,0.024502,0.034571,-0.030006,-0.024091,0.0038097,-0.0044504,0.0088076,0.042689,-0.0019263,-0.026981,-0.0021052
0.017302,0,-0.0013846,-0.023468,-0.0092874,0.043803,0.00035237,0.017488,-0.0053838,-0.013071,-0.039276,0.018447,0.016902,0.03755,-0.011739,0.012372,0.0032551,0.0091523,-0.018319,0.0027265,-0.0025478,-0.031754,0.0075656,-0.019975,-0.021865,0.0019838,-0.018246,-0.0058236,-0.02944,0.013001,0.024802,0.00059116,-0.041963,-0.03277,0.010758,-0.011041,-0.024836,-0.010377,8.2846e-05,0.013148,0.033708,0.043991,-0.012842,0.025464,-0.014904,-0.015453,-0.0010109,0.02558,0.013981,0.018209,0.0073627,0.039204,0.019336,0.0079745,-0.010282,-0.0041158,0.010464,0.012842,0.041609,0.021576,-0.0027798,-0.010904,-0.040565,-0.013994,-0.024362,0.073195,0.0031407,0.013962,-0.01258,-0.024861,-0.027419,-0.02228,-0.022263,0.011314,0.0070674,-0.01304,-0.00061238,-0.021317,0.0091948,-0.036556,-0.0022204,0.0045362,0.021192,0.05359,-0.041069,0.011302,-0.035573,-0.0052591,-0.0051302,0.013481,-0.03844,0.027045,0.0065439,-0.013699,0.022381,0.012286,-0.012212,0.0044722,-0.024285,0.0082448
0.038927,0.0013846,0,0.031485,-0.025742,0.017185,-0.035094,-0.012588,0.012864,-0.0073521,-0.0066345,-0.009425,0.007946,0.037046,0.00123,0.010085,-0.030476,-0.0073269,0.045417,0.017924,-0.023226,-0.0046026,-0.01614,-0.0044535,-0.0034957,-0.01976,0.022782,0.011995,-0.00093918,-0.01912,0.0026428,0.014517,0.050504,0.0072181,0.0069974,0.00093658,-0.0090062,0.006501,0.012952,0.0020627,0.038125,0.01036,0.032081,0.017374,0.023775,-0.0026704,-0.0049492,0.0035053,-0.024685,-0.040888,-0.032682,-0.018732,-0.026115,0.027705,0.018643,0.013708,-0.010326,0.010203,0.02597,-0.024453,-0.036367,0.03675,0.021306,-0.036957,-0.022375,0.014935,-0.021144,-0.0033599,0.0042112,-0.000303,-0.00020173,-0.027317,-0.034235,0.0081311,-0.01187,-0.021513,-0.031368,-0.039304,-0.024666,-0.026366,-0.02419,0.013726,0.012524,0.00058627,-0.0035426,0.010318,0.0075004,-0.035471,0.031034,0.044999,0.037423,-0.00020865,-0.024092,-0.032341,0.030581,0.0023589,0.010494,0.0030961,0.0043326,-0.00091445
0.050639,0.023468,-0.031485,0,0.015314,0.016517,-0.018585,0.016447,0.023545,-0.015202,0.0045487,-0.023233,0.014757,-0.011925,-0.023528,0.0037308,-0.019238,0.023909,0.016617,-0.00082915,-0.015954,-0.013718,-0.0091017,0.028348,0.00077483,-0.014397,-0.026559,0.040358,-0.013152,0.026973,0.0093927,-0.018474,-0.0016031,-0.0072671,-0.0048356,0.013117,0.0089444,-0.0045929,-0.040357,0.0083162,-0.0035414,-0.012733,0.024391,-0.01704,0.036484,0.0009657,0.019613,0.042023,0.049507,-0.014032,-0.0071381,-0.013401,0.025223,0.0042706,-0.0085141,-0.0011581,-0.010831,-0.0064053,0.015121,-0.032399,0.0067161,0.0082595,0.018971,-0.032472,0.01227,0.019765,-0.030105,-0.023259,0.0015898,-0.019735,-0.0016257,-0.031949,-0.017414,-0.011089,-0.0035639,0.061334,0.03061,-0.0024983,0.0062694,0.030509,-0.011344,-0.0010223,0.010136,-0.026535,0.0076692,0.007688,-0.019874,-0.037844,-0.010976,-0.010234,-0.010141,0.020167,-0.04076,-0.054864,0.047592,0.014022,-0.0046265,-0.0074041,-0.0020358,-0.008745
-0.025264,0.0092874,0.025742,-0.015314,0,0.0099603,-0.0018742,0.0056392,0.019464,-0.028883,-0.021231,-0.01352,0.0098617,-0.0039042,0.0030112,-0.0090865,-0.012242,0.041758,0.047841,-0.014335,-0.0080404,-0.029717,0.018166,-0.016648,-0.032574,-0.035504,-0.015419,0.010313,-0.053512,0.023292,0.014243,0.021398,-0.02811,-0.0024707,-0.017452,0.057823,0.045062,-0.036633,0.011621,0.018527,-0.013637,0.017416,0.006304,0.017237,-0.023373,-0.03272,0.031256,0.0037807,-0.0074585,0.0057072,0.008343,0.021649,0.010159,0.0046391,0.0025062,-0.022332,-0.017528,0.015563,0.022395,0.039494,0.034256,0.0017803,-0.011976,-0.021607,0.033692,-0.0054841,-0.013321,0.017587,0.016528,-0.0036456,-0.0011728,-0.011147,0.024198,-0.010181,-0.003274,0.010415,-0.0042927,-0.026082,-0.0022566,-0.0025581,0.021642,0.015333,-0.01308,-0.02663,-0.00090223,0.016817,-0.0041074,0.011176,-0.017681,-0.022719,-0.001161,-0.021334,0.019459,0.010104,-0.056311,-0.012545,0.012363,-0.017695,-0.013171,0.01522
0.00041859,-0.043803,-0.017185,-0.016517,-0.0099603,0,0.048347,0.0049997,-0.022673,-0.025978,0.0057281,0.016372,-0.0175,-0.00051163,-0.0099154,-0.022882,-0.017503,0.020322,0.0080806,0.0010502,0.0019301,-0.0034533,-0.00026464,0.0020573,-0.023479,-0.0010136,0.035833,-0.031586,-0.02912,-0.012633,-0.01518,0.019795,0.0034962,0.02201,-0.022315,-0.030196,-0.016827,-0.034183,-0.0013465,-0.0018003,-0.014138,0.023343,-0.014931,0.00076628,0.0027555,0.027787,-0.0022453,0.0040739,0.015311,-0.005699,0.011639,-0.0043735,0.01529,-0.0099255,0.034401,-0.0040251,-0.038567,-0.054366,-0.047993,0.010763,-0.0090673,-0.0031231,0.028272,0.013199,-0.0043195,0.019578,0.0073545,0.0032371,0.020453,0.017346,0.018325,0.022865,-0.0042357,0.03201,-0.015918,0.022312,0.013647,-0.021114,0.020784,0.0054057,0.021835,-0.013918,0.011896,-0.015408,0.015239,-0.0062355,-0.016015,-0.0101,0.02569,0.0083492,-0.013458,0.0065815,0.00092423,0.021645,0.011705,0.0042398,0.020469,0.0048555,-0.0076959,0.030461
-0.02151,-0.00035237,0.035094,0.018585,0.0018742,-0.048347,0,-0.0011914,-0.012404,-0.053774,-0.02188,0.033348,0.022436,-0.019521,-0.0019367,-0.0024945,-0.026113,0.0090375,-0.025386,-0.02174,0.0042587,0.033048,0.024735,-0.019521,-0.01707,-0.0012056,0.019173,0.0025029,0.0043723,-0.044868,-0.0095596,-0.029293,-0.02413,-0.005589,-0.010085,-0.00074647,-0.0064393,0.010362,0.035057,0.044227,0.017977,-0.051507,3.2379e-05,-0.0027502,0.003104,0.045456,-0.0028616,-0.0044414,0.0058523,0.010377,0.0068326,0.061736,0.0016562,0.01036,-0.019326,-0.0072388,0.06143,0.011344,-0.0041971,-0.037196,-0.01292,0.041433,-0.0077857,0.0028431,0.025402,-0.009279,-0.0010916,0.026753,0.0014697,0.0084746,-0.01211,-0.011526,-0.015241,0.030772,-0.01021,-0.013526,0.011848,0.040829,0.00040994,0.01901,-0.049017,-0.003383,-0.013374,-0.024434,0.0066981,-0.0084668,0.013101,-0.0022821,0.019116,-0.014673,8.5504e-05,-0.040651,-0.015707,-0.0030788,0.00030767,0.0033611,-0.0051683,0.0281,-0.014836,0.027167
-0.017678,-0.017488,0.012588,-0.016447,-0.0056392,-0.0049997,0.0011914,0,-0.040205,-0.015844,0.010473,0.014315,-0.018455,-0.0014174,-0.015327,0.0095594,-0.016794,0.013345,0.032041,0.0034405,-0.005923,0.026647,0.00052971,-0.0266,-0.0047816,-0.0076738,-0.0075384,-0.036914,0.0090883,0.021475,-0.019971,0.013908,0.0066681,0.017258,0.040197,0.064248,-0.034829,0.019522,0.010513,-0.017876,0.003346,-0.025935,0.011489,0.022928,-0.031708,-0.0016355,-0.037871,-0.01316,-0.0036865,-0.0041571,0.015182,0.014744,-0.010082,-0.0065386,-0.016269,0.041162,-0.01584,0.002333,0.013647,0.016303,-0.0034433,0.0038113,0.040934,0.0062099,-0.049033,-0.02697,0.016864,-0.0091783,-0.0042208,0.014873,0.022447,-0.0064656,0.01765,-0.012337,0.041245,-0.0087457,0.024364,-0.018813,0.00072281,-0.011565,-0.01158,-0.013788,-0.0081189,0.040836,0.056691,0.0078593,-0.013992,-0.013462,0.037498,0.010267,0.015945,-0.018267,-0.032697,-0.0060746,0.0096892,-0.0037818,-0.030856,0.030048,-0.052541,-0.015779
0.0043413,0.0053838,-0.012864,-0.023545,-0.019464,0.022673,0.012404,0.040205,0,0.011738,0.016956,-0.022916,-0.016883,0.0088537,-0.023331,0.010055,0.0092375,-0.010235,0.014278,0.011959,0.0029441,0.037828,0.047322,-0.0091106,-0.024997,-0.00084074,-0.018519,-0.00056,0.0082786,0.021149,-0.037402,0.021518,-0.049448,-0.012065,-0.015885,0.032496,0.019001,0.0090206,0.01229,0.011274,-0.040014,-0.028019,-0.01012,-0.020057,-0.0038634,-0.02746,-0.012733,-0.016135,-0.0021819,-0.01369,0.04063,0.025725,-0.031029,0.028096,-0.027052,-0.01689,0.0029188,-0.018242,-0.027024,-0.036235,-0.025082,0.050735,0.0028701,-0.006033,-0.018283,-0.030086,0.02689,-0.021852,-0.0021009,0.0063762,0.041238,0.011443,-0.0083289,0.010047,0.0039476,0.022121,-0.020292,-0.011029,0.051592,0.02363,-0.026657,0.016982,-0.035355,-0.0013942,0.019669,-0.0070081,0.0016815,-0.0017793,-0.032458,0.003331,0.011446,0.0043973,0.026529,0.0046344,0.045884,-0.01538,0.016512,0.0040266,0.015088,-0.012787
0.042447,0.013071,0.0073521,0.015202,0.028883,0.025978,0.053774,0.015844,-0.011738,0,-0.020379,-0.01312,0.016275,0.030347,0.0099831,0.024301,0.0085227,0.02636,-0.011629,-0.023901,0.013748,0.027413,-0.025235,0.021098,-0.013121,-0.0038519,0.028235,-0.0071035,0.016161,-0.0074236,-0.04062,0.04582,-0.00051987,-0.012087,-0.024343,-0.010929,0.029386,-0.022018,0.012199,-0.010712,0.01277,-0.022259,-0.010718,0.0028522,0.0041949,0.0050109,-0.012918,6.2991e-06,0.00053403,-0.0076907,-0.039732,-0.008458,0.0001611,-0.019967,0.030253,0.013217,0.023979,0.020248,-0.019757,-0.00045398,0.0020922,0.005929,-0.017447,0.0085666,0.0062894,-0.0014634,-0.01117,-0.0025377,0.019581,-0.012819,0.0096625,0.011217,-0.0083665,-0.02232,-0.020368,-0.03935,0.029869,-0.0032332,-0.0092988,0.012465,-0.0092819,0.014894,-0.045782,0.01818,0.0162,-0.01382,-0.0070236,-0.03641,-0.0090445,-0.013323,-0.023491,0.0049031,-0.010223,0.01624,-0.0060882,-0.030776,-0.036519,-0.020973,1.6472e-05,0.013867
0.014137,0.039276,0.0066345,-0.0045487,0.021231,-0.0057281,0.02188,-0.010473,-0.016956,0.020379,0,0.020079,0.010826,0.040986,-0.029055,0.038756,-0.012809,0.011481,0.01809,-0.0051994,-0.013055,-0.006836,-0.016611,-0.0031464,-0.012024,0.0089384,-0.01704,0.020184,0.012405,-0.024115,-0.018988,9.5242e-05,0.018112,0.0037455,-0.040128,0.020195,-0.022255,-0.039815,0.0080406,0.0025486,0.010022,0.017566,0.006187,-0.039202,0.010528,0.018013,0.00067762,-0.010088,-0.0056229,-0.029424,0.01421,-0.00060938,0.028061,0.047144,0.044097,-0.02062,-0.024934,-0.012983,0.031981,0.019964,0.017298,0.0065429,0.0015948,-0.022191,0.0027666,-0.02416,-0.021987,-0.0075007,-0.0020816,-0.025878,-0.0087827,-0.03324,-0.017874,-0.023771,-0.015537,0.021956,0.01471,0.014192,0.0090912,-0.024615,-0.012673,-0.0097109,0.010426,-0.0079214,-0.012799,0.00093959,-0.010788,-0.012097,-0.019876,0.0055558,0.013388,0.031802,0.0057387,-0.0023694,-0.0096682,0.0022678,0.034764,-0.024177,-0.020506,0.014369
0.011102,-0.018447,0.009425,0.023233,0.01352,-0.016372,-0.033348,-0.014315,0.022916,0.01312,-0.020079,0,0.02511,-0.019624,0.074533,-0.03187,0.015045,-0.0074774,0.0044839,0.015476,-0.0098013,0.0087461,-0.023088,-0.0049503,0.022475,-0.013995,0.014138,-0.0071177,0.012538,-0.0012462,0.00038023,0.049253,0.00031215,-0.016561,0.02883,-0.022403,-0.007235,-0.0049423,0.0083385,-0.005496,-0.020346,0.0027327,0.0049485,-0.0061886,0.0042727,0.0094899,-0.0098937,-0.002538,-0.024633,0.0023713,0.06267,-0.010756,0.017917,-0.027133,-0.01439,0.0048292,-0.0040542,0.010823,-0.02574,-0.013563,-0.042519,0.017791,-0.05074,0.0028915,-0.0052744,0.0093824,-0.048453,0.002714,0.0085713,0.018965,0.01461,-0.0050137,0.016329,-0.01677,0.0011286,-0.046635,-0.0046421,0.0019871,0.0094883,-0.009408,-0.022262,0.0023483,-0.0006472,0.016481,-0.00093615,-0.0064822,0.033927,-0.00021561,0.016117,0.0051862,0.01106,0.027603,-0.0044432,0.016068,0.018248,0.036117,0.0056303,-0.044502,-0.011962,-0.029534
-0.0083642,-0.016902,-0.007946,-0.014757,-0.0098617,0.0175,-0.022436,0.018455,0.016883,-0.016275,-0.010826,-0.02511,0,-0.019585,-0.021374,0.013317,0.0068598,-0.026662,-0.00030377,0.013133,0.031417,-0.020921,0.0042494,0.030715,0.016085,-0.017471,0.0044082,-0.005327,0.0076777,0.042666,0.0037558,-0.030301,0.025416,-0.019749,-0.024007,-0.043364,0.0075966,0.020385,-0.028802,-0.020779,-0.020617,0.033042,-0.0182,0.0034843,-0.0072208,-0.0059952,-0.0044076,0.0067852,-0.01137,-0.004616,0.047524,0.016845,-0.040912,0.010901,-0.0078989,0.0096115,-0.0078247,-0.017501,0.00049935,0.018023,0.026856,-0.013375,-0.0026935,0.0098627,0.0091391,0.0082758,-0.0064236,0.010272,0.0095026,0.045701,-0.016587,-0.00082269,0.0046806,0.0093971,-0.027852,-0.019204,0.050908,0.017738,-0.0056574,0.032767,0.0018854,0.010515,-0.0036343,-0.041303,-0.035567,-0.01505,0.0034999,-0.022604,0.025853,0.010013,0.0046216,0.00088541,0.027958,0.016474,-0.0016758,0.0099343,-0.004097,-0.0021029,0.0010752,0.0077041
0.036669,-0.03755,-0.037046,0.011925,0.0039042,0.00051163,0.019521,0.0014174,-0.0088537,-0.030347,-0.040986,0.019624,0.019585,0,-0.010801,-0.016712,0.04454,0.019237,-0.009807,0.017708,0.028723,-0.0058038,-0.019438,-0.015238,0.0043753,0.010953,0.03933,0.03491,0.014635,-0.044781,-0.013167,-0.0064107,-0.01596,-0.022361,0.013333,0.013465,0.027918,0.030607,-0.0082255,0.037428,0.016321,-0.00040724,0.0061848,-0.010937,0.035592,0.017667,0.018168,-0.010638,0.022348,-0.036843,-0.029673,0.014251,0.016945,-0.013049,0.026918,-0.0080812,0.019865,0.007705,-0.047279,0.027827,0.023258,0.038084,-0.017215,0.024262,-0.0086076,-0.0068399,-0.0045649,-0.0058705,-0.01499,-0.012847,0.0034794,-0.0083426,0.011375,0.0045575,-0.032627,-0.032122,-0.031807,-9.8205e-05,0.0055138,-0.0079759,-0.011396,-0.026853,-0.021829,0.0066526,-0.027507,-0.00092583,0.022583,0.04539,-0.027879,0.0073554,-0.0046892,-0.013645,-0.013727,0.011054,-0.0051728,-0.0028503,-0.010098,0.0024626,-0.027179,-0.014187
-0.0073107,0.011739,-0.00123,0.023528,-0.0030112,0.0099154,0.0019367,0.015327,0.023331,-0.0099831,0.029055,-0.074533,0.021374,0.010801,0,0.018613,0.0072313,-0.015657,0.019173,-0.01852,-0.0026473,0.020209,0.023178,-0.04611,0.020511,0.046106,0.028008,-0.011259,0.0051574,-0.011558,-0.028734,0.014937,-0.047184,-0.013915,0.04593,-0.0065243,0.010755,-0.0025429,0.037571,-0.0053443,0.0056999,0.0082512,-0.014605,-0.016299,0.016434,-0.0091363,-0.0087382,-0.010001,0.010192,-0.0048817,0.036164,0.0057192,-0.029372,-0.037752,0.017809,-0.0010012,-0.049797,-0.03668,-0.0036472,0.0048926,0.022871,0.018336,-0.010576,-0.019748,-0.02335,0.027018,0.0055562,0.00050074,-0.01438,0.0083404,-0.014746,-0.0047833,-0.0001219,-0.018441,0.013616,0.020001,0.012473,0.016249,-0.0011443,0.0043992,0.01995,-0.020372,0.038049,0.0025915,-0.0059358,-0.013416,0.010897,0.0047325,0.035333,-0.01782,0.0025247,0.015978,-0.029387,-0.021472,-0.024813,0.013949,-0.018223,-0.037662,-0.00052741,-0.016268
0.010307,-0.012372,-0.010085,-0.0037308,0.0090865,0.022882,0.0024945,-0.0095594,-0.010055,-0.024301,-0.038756,0.03187,-0.013317,0.016712,-0.018613,0,0.02419,-0.038734,0.015087,-0.02111,0.010579,-0.0074422,0.010307,-0.0092543,0.0013324,-0.0010794,-0.025359,-0.023225,-0.02596,-0.022905,-0.0043977,0.0063698,0.023551,-0.011713,0.04324,-0.03532,0.02365,0.022645,0.013538,0.001774,0.015345,-0.037175,-0.00024887,-0.036449,0.043674,-0.0058253,-0.0098354,0.0077788,0.0091254,-0.0043149,0.027785,0.0070719,0.012107,-0.020574,0.034912,0.0036453,-0.0050428,-0.0015148,0.0072884,0.013114,0.0049086,-0.0023582,0.028723,-0.028759,0.013624,-0.023249,-0.012587,0.0028791,-0.020006,0.013669,0.0034262,-0.046003,0.01675,-0.039441,0.051514,0.040222,0.034521,-0.027345,0.011175,-0.02639,-0.0040081,-0.020429,-0.026974,0.010443,-0.0074157,0.013125,0.017684,0.011729,0.020536,-0.047805,0.0071681,0.043443,0.027643,0.014913,0.0097399,-0.029313,0.0060999,0.00026382,-0.0077394,-0.017059
-0.013158,-0.0032551,0.030476,0.019238,0.012242,0.017503,0.026113,0.016794,-0.0092375,-0.0085227,0.012809,-0.015045,-0.0068598,-0.04454,-0.0072313,-0.02419,0,-0.014922,0.013195,0.032936,-0.072768,-0.03102,0.0030687,-0.014758,-0.038625,-0.031665,-0.030536,0.011301,-0.00030107,0.017695,-0.022679,0.0056295,0.016604,-0.029237,0.023632,-0.0078477,0.031903,-0.0095103,-0.01605,-0.0041312,0.028649,-0.029245,0.0103,0.010099,-0.022008,0.07097,0.019607,-0.0079608,-0.04004,0.0057963,-0.0015357,-0.019126,0.0015128,-0.0094554,0.01666,0.026017,-0.017192,0.017172,0.0084277,0.0057807,0.025118,-0.0062251,0.023964,0.0042061,-0.016865,0.01919,-0.014763,0.024378,0.0089364,0.0026922,0.0030666,-0.016913,-0.0037708,0.0098662,0.020446,0.04151,-0.00046971,-0.021408,0.041864,-0.023096,-0.021753,0.0031072,-0.01031,-0.017769,0.0094962,-0.018903,-0.039959,0.01549,-0.014924,-0.011655,-0.036056,0.010671,-0.039036,0.024577,0.0049643,0.010531,0.049248,0.024018,0.033482,-0.00069947
-0.01469,-0.0091523,0.0073269,-0.023909,-0.041758,-0.020322,-0.0090375,-0.013345,0.010235,-0.02636,-0.011481,0.0074774,0.026662,-0.019237,0.015657,0.038734,0.014922,0,-0.020791,0.029071,0.024777,-0.017384,-0.0010649,0.015669,-0.0033693,0.01984,0.0277,-0.0061676,0.00067804,0.0059925,-0.021472,0.012722,0.020659,0.0019036,-0.0081283,-0.0063438,-0.013431,0.020759,0.019101,-0.01165,-0.018139,0.0079104,0.021288,0.020349,-0.0056475,0.0025325,0.0022872,0.0058758,0.0033979,0.0012412,-0.00059208,0.012871,0.020155,-0.023136,0.023462,0.023496,-0.013861,-0.035656,0.0027198,0.028873,0.0030297,0.023114,0.009009,-0.020611,-0.018889,0.0085368,-0.010072,-0.0037878,0.012324,-0.014575,-0.018752,0.0017241,0.00017012,-0.0071558,0.018992,0.021544,0.0003277,-0.0079149,0.001224,-0.0068413,-0.034648,0.0080403,0.0072067,-0.0037442,-0.012514,-0.032833,-0.0077132,-0.004159,-0.035133,-0.0027312,-0.022263,0.0021023,0.0094304,-0.00072945,-0.0062938,0.040092,0.019217,-0.019289,-0.01245,0.01173
-0.010074,0.018319,-0.045417,-0.016617,-0.047841,-0.0080806,0.025386,-0.032041,-0.014278,0.011629,-0.01809,-0.0044839,0.00030377,0.009807,-0.019173,-0.015087,-0.013195,0.020791,0,0.042436,-0.0064404,0.0061596,0.002432,0.0082995,0.012645,-0.003358,-0.0048255,-0.028979,0.020999,-0.0049461,0.011525,0.053162,0.017109,-0.015112,-0.013956,0.0032926,0.028896,-0.015394,-0.0053794,-0.0083651,0.016199,-0.0151,0.0049411,-0.009307,-0.0098973,0.0083292,-0.012446,-0.035914,0.031786,-0.046386,0.033471,-0.0068826,0.014053,-0.027847,-0.032677,-0.0090294,-0.017485,0.02746,0.0048982,0.027131,-0.001466,0.011904,0.021004,0.039406,0.010383,-0.0028283,0.017339,-0.0085492,-0.012872,0.014331,-0.0063777,0.017588,0.007359,0.010608,0.020176,-0.0065818,-0.010792,0.0084497,-0.030343,-0.030535,-0.0047997,0.0031112,0.01136,0.027744,-0.025846,-0.030341,0.0045742,0.0073868,0.0072206,0.0040552,0.020037,0.032266,0.015243,-0.027845,0.006835,0.028978,-0.0080388,-0.012498,-0.015937,-4.5623e-05
-0.019623,-0.0027265,-0.017924,0.00082915,0.014335,-0.0010502,0.02174,-0.0034405,-0.011959,0.023901,0.0051994,-0.015476,-0.013133,-0.017708,0.01852,0.02111,-0.032936,-0.029071,-0.042436,0,-0.023495,0.01343,-0.010779,-0.021018,0.01963,0.0098274,-0.012437,-0.013482,-0.037613,0.017315,0.0043858,0.028892,0.010178,-0.015376,-0.013302,-0.013934,-0.021226,-0.0085034,0.044343,0.0099224,0.042,0.014805,-0.012762,0.016142,-0.012266,0.0082599,-0.020521,-0.02066,0.0056366,-0.034462,-0.011023,0.016978,0.019276,-0.016016,-0.007539,-0.011011,-0.0029847,-0.012142,0.0079679,-0.019977,0.0070991,0.021344,-0.024271,0.021434,0.011552,0.028801,-0.0089928,0.030195,-0.038646,-0.0078814,0.023728,-0.014886,0.0063767,-0.031733,0.0041225,0.027805,0.0057447,0.0032456,-0.01679,0.020439,0.010524,-0.0013348,0.013222,-0.016869,-0.012852,0.019924,0.018272,0.031095,-0.022645,-0.0043444,0.01842,0.001246,0.011125,0.0079481,-1.4199e-05,0.0013781,-0.0013228,0.026389,0.011513,0.0019714
0.0024695,0.0025478,0.023226,0.015954,0.0080404,-0.0019301,-0.0042587,0.005923,-0.0029441,-0.013748,0.013055,0.0098013,-0.031417,-0.028723,0.0026473,-0.010579,0.072768,-0.024777,0.0064404,0.023495,0,0.014533,-0.0016748,-0.059053,0.0076488,0.007613,-0.0032424,0.051873,0.035053,0.0079455,0.033066,-0.018429,-0.01397,0.0031925,0.014319,0.0093879,-0.04779,0.014674,-0.0050069,0.0014863,0.0092969,-0.0078288,-0.021302,-0.02905,-0.0099852,0.0024805,0.042803,0.042404,-0.028936,0.037309,-0.04023,-0.0064451,-0.001766,0.025508,-0.0049642,-0.026533,-0.01363,0.0074868,0.035108,-0.024741,-0.0067519,-0.011136,-0.0055701,0.014836,0.03456,-0.022733,0.0078868,0.020922,0.014995,-0.0014036,0.0021378,0.0089183,-0.034307,-0.0083036,0.020303,0.011737,0.030506,-0.00093964,-0.0046757,0.019006,-0.0038153,-0.024955,-0.019365,-0.032522,-0.013174,-0.0040381,0.0005982,-0.062677,0.02994,-0.015931,0.053984,0.0071276,-0.059558,0.0074436,-0.016389,-0.019673,0.0034176,-0.018686,-0.0016488,-0.0062894
0.0033411,0.031754,0.0046026,0.013718,0.029717,0.0034533,-0.033048,-0.026647,-0.037828,-0.027413,0.006836,-0.0087461,0.020921,0.0058038,-0.020209,0.0074422,0.03102,0.017384,-0.0061596,-0.01343,-0.014533,0,0.0163,-0.02008,-0.00012128,-0.020525,-0.010324,-0.0045985,0.016509,0.017302,5.5621e-05,0.0066942,-0.03135,-0.022607,0.0051178,0.0044783,-0.021334,-0.008127,0.020327,0.021294,0.018221,-0.012483,0.034757,0.0099969,-0.01226,0.010617,-0.020504,-0.012127,0.008002,-0.024744,-0.00061912,0.0058798,0.030986,0.012376,-0.047095,0.025612,0.015331,-0.056673,0.0035506,-0.0088565,0.0051257,0.02109,-0.0441,-0.0037102,-0.0055776,0.0027034,-0.022957,0.0015352,0.022555,-0.024577,0.021552,0.004056,0.040954,-0.012069,-0.0012954,-0.0040813,-0.015052,0.0033532,-0.0025162,-0.0033622,0.0219,-0.010793,0.022502,0.0082409,-0.0036768,0.013777,0.018729,0.0030131,0.012886,-0.0011949,-0.0098822,0.017772,-0.034011,0.0065717,0.025523,-0.015355,0.0074508,0.0094708,-0.00028704,-0.013692
0.022564,-0.0075656,0.01614,0.0091017,-0.018166,0.00026464,-0.024735,-0.00052971,-0.047322,0.025235,0.016611,0.023088,-0.0042494,0.019438,-0.023178,-0.010307,-0.0030687,0.0010649,-0.002432,0.010779,0.0016748,-0.0163,0,0.029453,0.0061768,-0.023751,-0.021283,-0.005753,0.020729,-0.015758,0.010654,0.015151,-0.024328,0.0067033,0.0025878,0.044417,0.031324,-0.0093537,0.0049453,0.018367,-0.055171,-0.0086518,0.040638,-0.0031323,-0.03421,-0.05042,-0.0029074,0.02789,-0.017841,-0.038743,0.013689,-0.0080813,0.02165,0.011549,-0.016862,0.0049415,0.023537,0.00497,-0.0096393,0.015612,-0.0056028,-0.03019,-0.00036676,-0.024013,0.042024,0.068679,0.012967,0.025072,-7.5034e-08,-0.024563,-0.00066964,0.0018785,-0.0032901,-0.00105,-0.0005822,0.012216,-0.032497,0.020608,-0.025629,-0.0083634,-0.0053459,-0.023314,-0.0071606,0.01793,-0.022252,0.003622,-0.0078236,0.0079534,-0.0065174,0.02906,0.0069801,-0.0032972,-0.010267,-0.009247,-0.022037,-0.0063062,-0.010109,-0.007382,0.025685,0.026705
-0.0072159,0.019975,0.0044535,-0.028348,0.016648,-0.0020573,0.019521,0.0266,0.0091106,-0.021098,0.0031464,0.0049503,-0.030715,0.015238,0.04611,0.0092543,0.014758,-0.015669,-0.0082995,0.021018,0.059053,0.02008,-0.029453,0,-0.0012277,-0.0059166,-0.0064332,-0.0048418,0.004164,0.015216,-0.0089703,0.017548,0.013229,0.013918,0.035625,0.0023082,-0.05966,0.029589,0.0055164,-0.025679,-0.073553,0.0054891,0.017351,-0.023902,0.012637,-0.014549,-0.013281,0.052735,-0.005906,-0.022871,0.041129,0.015868,0.0020304,-0.024637,0.0004672,0.019794,0.029793,-0.015769,0.00030267,-0.007554,0.006832,-0.04153,-0.0016062,-0.022932,-0.011541,0.0086385,-0.0038279,-0.013481,0.019601,0.014862,0.018015,-0.019117,-1.2587e-05,-0.033761,-0.047814,-0.023933,-0.016602,0.001885,-0.0054936,-0.0059684,-0.012552,-0.0053234,-0.026923,0.050198,0.040702,0.011589,-0.0035942,-0.0097476,0.025201,-0.033863,0.003347,0.0031524,-0.0076475,-0.011265,0.013868,-0.0082575,0.00121,0.028145,-0.019232,-0.027757
0.0075744,0.021865,0.0034957,-0.00077483,0.032574,0.023479,0.01707,0.0047816,0.024997,0.013121,0.012024,-0.022475,-0.016085,-0.0043753,-0.020511,-0.0013324,0.038625,0.0033693,-0.012645,-0.01963,-0.0076488,0.00012128,-0.0061768,0.0012277,0,-0.024725,0.01157,0.0047956,-0.0078396,-0.032321,0.026325,-0.011287,-0.012607,-0.023074,-0.010152,-0.032674,-0.0083103,0.0027748,0.026307,-0.01266,0.0088724,-0.0053146,0.0043308,-0.029868,-0.008319,-0.0010131,0.028999,0.0492,-0.027918,-0.024044,0.016801,0.023021,-0.019437,0.0046944,0.023234,-0.030176,-0.0078234,-0.015319,-0.014986,-0.010245,0.0031806,-0.0038302,0.019262,0.015458,-0.032622,0.0017204,-0.017689,0.020934,-0.0030443,-0.0256,-0.019533,-0.0073545,0.035623,-0.01387,0.0028139,-0.0062468,0.0065761,0.0061596,0.0046898,-0.017511,0.018338,0.0025308,0.011295,0.0069218,-0.0062409,0.044812,0.0012391,-0.019618,0.0015605,0.029588,-0.012312,0.045078,0.018648,0.01864,-0.017523,-0.046446,-0.00050951,0.0027722,-0.0056067,-0.0095236
0.0030353,-0.0019838,0.01976,0.014397,0.035504,0.0010136,0.0012056,0.0076738,0.00084074,0.0038519,-0.0089384,0.013995,0.017471,-0.010953,-0.046106,0.0010794,0.031665,-0.01984,0.003358,-0.0098274,-0.007613,0.020525,0.023751,0.0059166,0.024725,0,-0.03704,-0.013502,-0.020013,-0.052419,-0.0039103,-0.025673,-0.018594,-0.015055,-0.0061957,-0.0052835,-0.018491,-0.007375,0.0014313,-0.0084279,0.015806,-0.038654,-0.026529,0.03151,0.017213,-0.00098271,0.020418,0.017683,-0.0062435,0.0414,0.067268,-0.016277,0.00023178,-0.03219,0.0020045,-0.035052,0.0063281,0.027207,0.0046278,-0.029925,-0.017861,-0.026337,0.032678,0.040718,-0.025598,-0.040102,0.0034288,0.0011655,-0.028992,0.02458,0.0089567,0.039063,-0.014018,0.0047844,0.0088029,-0.034336,-0.012332,0.015608,0.00031356,-0.00068025,-0.027187,0.0075811,-0.011047,-0.0029908,0.013654,-0.010933,0.053417,-0.026736,0.015153,-0.032521,0.013457,-0.020233,0.00073174,0.022596,0.0098542,-0.0084417,0.0091406,0.0015014,0.025081,0.027631
0.016277,0.018246,-0.022782,0.026559,0.015419,-0.035833,-0.019173,0.0075384,0.018519,-0.028235,0.01704,-0.014138,-0.0044082,-0.03933,-0.028008,0.025359,0.030536,-0.0277,0.0048255,0.012437,0.0032424,0.010324,0.021283,0.0064332,-0.01157,0.03704,0,0.0047077,-0.019178,-0.00010586,-0.0088629,0.0055931,-0.0077313,-0.0042369,0.0072819,0.0017172,0.011016,0.0044053,-0.0074471,0.026285,0.0044501,-0.014891,-0.026827,0.008944,-0.018553,-0.011751,0.011444,-0.0023589,-0.033714,0.0025956,0.0046096,-0.0031343,-0.0058929,0.020393,0.013998,-0.025312,0.013763,0.040261,0.010962,-0.030835,-0.0077859,0.0075618,0.017438,0.0058334,0.024687,-0.015449,0.0082658,-0.023825,-0.00076864,-0.0039272,0.014871,-0.0014825,0.0061438,-0.0025517,-0.038436,0.0077605,-0.032228,0.019782,-0.016752,0.038015,0.0088432,-0.01236,-0.03539,0.0092214,-0.022136,0.0070983,0.04052,-0.0014242,-0.025302,-0.0039983,0.0026245,0.013303,-0.014576,0.023927,0.016038,-0.00014458,0.030444,-0.0079389,-0.0089992,-0.035604
0.020393,0.0058236,-0.011995,-0.040358,-0.010313,0.031586,-0.0025029,0.036914,0.00056,0.0071035,-0.020184,0.0071177,0.005327,-0.03491,0.011259,0.023225,-0.011301,0.0061676,0.028979,0.013482,-0.051873,0.0045985,0.005753,0.0048418,-0.0047956,0.013502,-0.0047077,0,0.01654,-0.0049165,0.01534,-0.033935,0.032216,-0.010699,0.044711,0.02042,0.017025,-0.030407,-0.043281,0.0022089,0.0058511,0.024373,0.036512,0.027133,-0.0061956,0.0021056,-0.022666,0.012346,-0.0093968,0.0057684,-0.017495,-0.0021814,-0.016587,0.025069,-0.021128,0.0068205,0.0033598,0.017019,0.014314,0.012606,0.00946,0.0013501,0.030423,-0.030709,-0.0014633,-0.010844,0.0018219,0.0097019,-0.020543,-0.033909,-0.027452,-0.04878,0.0071737,-0.0056371,-0.023344,-0.016073,-0.01675,0.016349,-0.0024515,0.014591,-0.010016,-0.016224,-0.021951,-0.0061522,-0.036239,0.029534,-0.0034895,0.043525,0.021774,-0.011145,0.0095916,-0.017884,-0.0059303,0.021219,0.0029033,0.016978,-0.032272,0.0090326,0.0096083,-0.012248
-0.025017,0.02944,0.00093918,0.013152,0.053512,0.02912,-0.0043723,-0.0090883,-0.0082786,-0.016161,-0.012405,-0.012538,-0.0076777,-0.014635,-0.0051574,0.02596,0.00030107,-0.00067804,-0.020999,0.037613,-0.035053,-0.016509,-0.020729,-0.004164,0.0078396,0.020013,0.019178,-0.01654,0,-0.0010824,0.036103,0.0013676,0.044721,-0.020459,0.0033875,-0.014084,0.0157,-0.02551,-0.0072642,0.0037912,-0.010694,0.018632,-0.027735,-0.029535,-0.0097219,0.011679,0.010344,-0.018339,-0.013132,-0.046384,0.0073878,-0.0094185,-0.0082441,0.014525,-0.011679,0.024631,0.0019092,-0.0033178,-0.033294,0.036351,-0.006493,-0.017489,-0.0031771,0.00051208,-0.038599,0.044448,-0.012852,-0.0025026,-0.028769,-0.011486,-0.013754,0.0043166,0.0037994,0.0084224,0.012588,0.0093337,-0.02284,0.0038251,-0.020177,0.036299,-0.0067614,-0.00017971,0.019444,0.012053,0.013382,-0.018938,0.027784,-0.029849,0.00066882,0.023643,0.0047,0.024957,0.0039486,-0.011636,-0.0041163,0.029648,0.0048532,-0.013892,0.011088,0.018395
-0.016701,-0.013001,0.01912,-0.026973,-0.023292,0.012633,0.044868,-0.021475,-0.021149,0.0074236,0.024115,0.0012462,-0.042666,0.044781,0.011558,0.022905,-0.017695,-0.0059925,0.0049461,-0.017315,-0.0079455,-0.017302,0.015758,-0.015216,0.032321,0.052419,0.00010586,0.0049165,0.0010824,0,-0.035505,0.022291,0.023352,-0.015966,-0.018536,-0.017518,-0.013319,-0.012611,0.022414,-0.022676,0.0056607,0.021486,0.030127,-0.039007,0.00053918,-0.00913,-0.0055567,0.0089741,-0.0046374,-0.0088374,-0.013969,0.027461,-0.0044141,-0.043581,-0.0086373,0.01486,-0.0038476,-0.038785,-0.0091053,-0.016095,0.0086307,0.0038699,0.013149,-0.0082945,0.019485,-0.013712,0.019517,-0.015895,0.021387,-0.037874,-0.026588,-0.008206,-0.03639,0.028409,0.011346,0.024972,0.0094798,0.058193,0.00631,0.0070846,0.029037,0.0043969,-0.017114,-0.0093191,0.016618,-0.034362,-0.013163,0.01344,-0.0097728,0.0011598,0.014598,0.027739,0.0062885,0.022598,-0.013776,0.0059764,0.010125,-0.026028,-0.036206,0.033335
-0.040619,-0.024802,-0.0026428,-0.0093927,-0.014243,0.01518,0.0095596,0.019971,0.037402,0.04062,0.018988,-0.00038023,-0.0037558,0.013167,0.028734,0.0043977,0.022679,0.021472,-0.011525,-0.0043858,-0.033066,-5.5621e-05,-0.010654,0.0089703,-0.026325,0.0039103,0.0088629,-0.01534,-0.036103,0.035505,0,0.038359,0.0085598,0.034396,-0.0040022,-0.022263,0.028335,0.001061,-0.045455,-0.015585,-0.023857,0.019552,0.0075265,0.0030008,-0.019518,0.019087,-0.01088,-0.011145,0.033987,0.031806,0.0088345,-0.020175,0.015303,-0.02319,0.0033377,-0.0094926,0.0081942,-0.033689,-0.0055482,-0.022649,0.038672,-0.031172,-0.0098536,0.056459,0.020721,-0.00097162,-0.0038448,-0.0136,-0.024404,-0.048665,0.015207,-0.04093,-0.011326,-0.0017693,-0.014642,0.013939,0.016775,-0.021633,0.020709,0.0026331,0.0077792,0.0010519,0.0071244,-0.0080822,-0.0076112,-0.0087863,0.021049,-0.00078437,-0.027857,0.00062772,-0.026468,0.011352,-0.010484,0.013849,-0.025936,0.01203,0.024052,-0.010027,0.013274,0.0077124
-0.017085,-0.00059116,-0.014517,0.018474,-0.021398,-0.019795,0.029293,-0.013908,-0.021518,-0.04582,-9.5242e-05,-0.049253,0.030301,0.0064107,-0.014937,-0.0063698,-0.0056295,-0.012722,-0.053162,-0.028892,0.018429,-0.0066942,-0.015151,-0.017548,0.011287,0.025673,-0.0055931,0.033935,-0.0013676,-0.022291,-0.038359,0,-0.033804,-0.0014947,-0.0030279,-0.022661,0.028651,-0.0051508,-0.01431,-0.031175,-0.020784,0.012457,0.0026989,0.040194,0.023496,0.025798,-0.0012165,-0.0089347,0.0054781,-0.011683,-0.014329,0.017603,-0.035801,0.030229,0.027096,-0.0090095,0.0089831,0.028768,0.022292,0.006146,0.03416,0.009722,0.014137,-0.01041,-0.024046,-0.0031872,-0.0014271,0.029799,0.020849,0.00075052,0.04743,0.019207,0.006016,-0.023242,0.014904,0.011016,0.014931,-0.0037355,0.01896,-0.02327,0.01208,-0.028971,0.014768,0.034114,-0.012644,-0.0054548,-0.009642,-0.021753,0.015081,0.0042218,-0.0052373,-0.012238,0.027122,-0.0070424,0.0026493,-0.0040285,0.027698,0.035375,-0.026065,-0.0055619
-0.0061584,0.041963,-0.050504,0.0016031,0.02811,-0.0034962,0.02413,-0.0066681,0.049448,0.00051987,-0.018112,-0.00031215,-0.025416,0.01596,0.047184,-0.023551,-0.016604,-0.020659,-0.017109,-0.010178,0.01397,0.03135,0.024328,-0.013229,0.012607,0.018594,0.0077313,-0.032216,-0.044721,-0.023352,-0.0085598,0.033804,0,-0.0013271,-0.026452,0.024737,-0.012393,0.026471,-0.014209,0.041832,-0.019283,-0.019893,0.008077,0.0032224,-0.0039251,-0.026862,0.0062341,-0.03321,-0.045247,-0.015399,0.011014,-0.020697,0.028163,0.017898,-0.0046009,0.0032194,-0.037139,0.024637,-0.011217,-0.033341,-0.0369,0.016668,-0.021666,-0.0047026,-0.0056354,-0.0059724,-0.034599,0.0051315,0.043625,0.021234,0.025239,-0.016488,-0.032799,0.014597,0.0177,-0.022279,-0.012956,-0.015193,0.025811,-0.0078252,0.027795,0.047931,0.0099105,0.0073661,0.0056247,0.022851,0.0096226,-0.010482,0.012838,0.010612,-0.013212,-0.021335,0.0094147,-0.014088,-0.0082178,0.026802,-0.0079477,0.019456,0.018439,-0.0067045
0.019038,0.03277,-0.0072181,0.0072671,0.0024707,-0.02201,0.005589,-0.017258,0.012065,0.012087,-0.0037455,0.016561,0.019749,0.022361,0.013915,0.011713,0.029237,-0.0019036,0.015112,0.015376,-0.0031925,0.022607,-0.0067033,-0.013918,0.023074,0.015055,0.0042369,0.010699,0.020459,0.015966,-0.034396,0.0014947,0.0013271,0,-0.013756,-0.0066794,0.00031188,0.0054933,-0.017822,0.014723,0.00024877,0.011049,-0.012363,-0.018632,-0.012236,-0.0070511,-0.033381,-0.008609,-0.017383,0.0091312,0.014041,-0.035355,0.016859,-0.062589,0.035045,0.018848,-0.016302,0.034947,0.02082,-0.0025176,-0.012835,-0.014656,-0.0058509,0.01535,-0.044932,-0.0017656,0.016141,-0.00088172,-0.028348,0.013498,-0.039074,-0.04302,-0.012682,0.040418,-0.026649,-0.00026555,-0.028746,0.029628,0.013959,0.013446,-0.049866,-0.0035255,0.034482,-0.018365,-0.028566,0.0028885,-0.008874,0.0028649,0.017383,-0.010836,-0.015325,0.016263,0.00015137,0.03992,-0.057737,-0.019264,0.039514,-0.0083304,0.01485,0.015213
0.021094,-0.010758,-0.0069974,0.0048356,0.017452,0.022315,0.010085,-0.040197,0.015885,0.024343,0.040128,-0.02883,0.024007,-0.013333,-0.04593,-0.04324,-0.023632,0.0081283,0.013956,0.013302,-0.014319,-0.0051178,-0.0025878,-0.035625,0.010152,0.0061957,-0.0072819,-0.044711,-0.0033875,0.018536,0.0040022,0.0030279,0.026452,0.013756,0,0.027097,-0.0070174,0.04419,-0.0045858,-0.0017231,-0.016234,-0.01824,0.0023869,0.0026519,0.036388,-0.0043597,0.012667,0.012717,0.0054636,-0.00963,0.00033164,-0.00153,-0.043581,-0.035228,0.012417,0.0033732,-0.0084164,-0.0075434,-0.0076726,-0.039623,-0.027003,0.019423,0.050083,0.0023246,0.027208,0.017458,0.00093717,0.0068132,-0.048679,-0.036611,-0.012284,0.032035,0.02152,0.037259,0.0031133,-0.017665,0.017666,0.0081749,0.011664,-0.0022326,-0.046661,-0.0035061,-0.025323,0.0091585,0.00056619,-0.020394,-0.012763,0.022806,0.0091951,0.015013,0.012214,-0.035211,-0.013496,-0.016985,0.015554,0.0080419,0.017708,0.0084923,0.021361,-0.001042
-0.026814,0.011041,-0.00093658,-0.013117,-0.057823,0.030196,0.00074647,-0.064248,-0.032496,0.010929,-0.020195,0.022403,0.043364,-0.013465,0.0065243,0.03532,0.0078477,0.0063438,-0.0032926,0.013934,-0.0093879,-0.0044783,-0.044417,-0.0023082,0.032674,0.0052835,-0.0017172,-0.02042,0.014084,0.017518,0.022263,0.022661,-0.024737,0.0066794,-0.027097,0,-0.0057785,-0.00064941,-0.038673,0.029119,-0.015046,0.0098745,0.017662,-0.0045924,0.0041,-0.010042,-0.0085505,0.041954,0.030467,0.011204,0.015422,-0.016508,-0.031094,-0.021997,-0.021689,-0.018173,-0.007719,-0.025794,0.012478,0.0044956,0.015964,-0.0034128,0.021518,0.0095962,0.021478,0.019559,0.010457,-0.0040299,0.028019,0.02541,-0.014733,0.012502,-4.4769e-05,-0.014858,0.054334,-0.0090429,0.0010754,-0.028411,-0.0037981,0.0060598,-0.027865,-0.039675,-0.00067843,-0.022146,0.0061513,-0.0049152,0.013126,0.0077252,0.014518,0.0069524,-0.029075,0.017479,0.0051474,-0.011134,0.0047946,-0.033854,0.0016592,0.040917,-0.0206,0.022745
-0.022049,0.024836,0.0090062,-0.0089444,-0.045062,0.016827,0.0064393,0.034829,-0.019001,-0.029386,0.022255,0.007235,-0.0075966,-0.027918,-0.010755,-0.02365,-0.031903,0.013431,-0.028896,0.021226,0.04779,0.021334,-0.031324,0.05966,0.0083103,0.018491,-0.011016,-0.017025,-0.0157,0.013319,-0.028335,-0.028651,0.012393,-0.00031188,0.0070174,0.0057785,0,0.0060007,-0.040649,-0.013328,-0.013775,-0.022841,-0.008756,0.01905,-0.013161,-0.012584,0.023613,0.0011307,0.033251,0.0081035,0.015785,-0.037136,-0.034083,0.0015371,0.010465,-0.037959,0.010964,0.0020407,-0.049489,0.0077272,-0.011611,-0.025506,0.00961,-0.0087864,0.022585,3.7058e-05,0.00011649,-0.014877,0.0046968,-0.024454,0.023348,0.025754,-0.013275,-0.0036771,0.032625,0.0018378,-0.013549,0.029433,-0.01011,0.030306,0.014133,-0.02726,-0.034909,0.058451,-0.0075219,0.035401,0.0035494,0.0018271,-0.010831,-0.0091534,-0.0047148,0.017587,0.017691,0.015728,0.0094669,-0.00069146,0.0051031,0.030544,0.0013907,0.0094078
0.0035793,0.010377,-0.006501,0.0045929,0.036633,0.034183,-0.010362,-0.019522,-0.0090206,0.022018,0.039815,0.0049423,-0.020385,-0.030607,0.0025429,-0.022645,0.0095103,-0.020759,0.015394,0.0085034,-0.014674,0.008127,0.0093537,-0.029589,-0.0027748,0.007375,-0.0044053,0.030407,0.02551,0.012611,-0.001061,0.0051508,-0.026471,-0.0054933,-0.04419,0.00064941,-0.0060007,0,-0.00041862,-0.0022455,0.004816,-0.018371,0.0043035,0.010385,-0.020502,-0.0082537,0.0062339,-0.0097377,-0.0028928,-0.007342,0.041931,-0.037245,0.018508,0.011429,-0.021168,-0.00087704,-0.0077743,-0.0048994,-0.011238,-0.011083,0.0020705,-0.013812,0.021241,0.0079489,0.0091099,-0.042366,0.011877,-0.0044476,0.025244,0.010986,-0.027681,-0.0030443,-0.0014636,0.036605,0.011401,0.021071,0.018231,0.020916,0.029881,-0.0065808,-0.0084269,0.028661,0.02703,0.018447,0.0021504,0.011959,0.013187,-0.023119,-0.020459,0.015932,-0.032905,0.0073085,-0.02987,-0.0026804,-0.022906,-0.013416,-0.021158,0.018391,-0.035302,-0.0045432
0.021083,-8.2846e-05,-0.012952,0.040357,-0.011621,0.0013465,-0.035057,-0.010513,-0.01229,-0.012199,-0.0080406,-0.0083385,0.028802,0.0082255,-0.037571,-0.013538,0.01605,-0.019101,0.0053794,-0.044343,0.0050069,-0.020327,-0.0049453,-0.0055164,-0.026307,-0.0014313,0.0074471,0.043281,0.0072642,-0.022414,0.045455,0.01431,0.014209,0.017822,0.0045858,0.038673,0.040649,0.00041862,0,-0.0037472,-0.040735,-0.020516,-0.0052886,-0.051213,0.022081,0.011717,0.042848,0.0095196,0.022477,-0.0046152,0.0061293,-0.0088979,0.0063119,0.016216,0.0062503,-0.015453,0.036707,-0.021441,-0.0040135,-0.023174,-0.0066605,0.0059355,-0.010459,-0.0070572,-0.017179,-0.0021875,0.022955,0.0040344,0.00078437,-0.002343,0.0027005,0.014772,-0.010316,-0.0045298,-0.017923,0.01663,0.022011,-0.022813,-0.027648,-0.027841,-0.019465,0.049165,-0.0028184,0.01362,-0.013066,0.018289,0.0022761,0.015207,0.010556,-0.0042912,-0.015784,0.028524,0.018993,0.011774,-0.043315,0.029761,-0.013549,0.00021044,-0.0024578,-0.052898
0.034825,-0.013148,-0.0020627,-0.0083162,-0.018527,0.0018003,-0.044227,0.017876,-0.011274,0.010712,-0.0025486,0.005496,0.020779,-0.037428,0.0053443,-0.001774,0.0041312,0.01165,0.0083651,-0.0099224,-0.0014863,-0.021294,-0.018367,0.025679,0.01266,0.0084279,-0.026285,-0.0022089,-0.0037912,0.022676,0.015585,0.031175,-0.041832,-0.014723,0.0017231,-0.029119,0.013328,0.0022455,0.0037472,0,0.015671,0.0095432,0.0098629,0.0066065,-0.0065358,-0.015862,0.017557,0.011407,-0.0061937,-0.011289,-0.017934,0.0032783,0.014962,-0.0021681,-0.027785,-0.015341,-0.011089,-0.0010714,0.011219,-0.012115,0.02488,0.0071039,0.024617,4.1251e-05,-0.016085,-0.0067635,0.0094402,-0.013117,-0.023119,0.0055621,0.010229,0.022649,0.0014691,-0.002818,-0.017544,0.00024591,-0.025558,0.016446,-0.0051295,0.014355,-0.027309,-0.030814,0.0044963,-0.035818,0.031275,0.059564,0.0073117,0.0028988,-0.0099397,0.0084414,-0.0066626,0.005208,0.0069288,0.049795,0.0012566,-0.0085268,-0.016567,-0.031141,0.040188,-0.005763
0.0018977,-0.033708,-0.038125,0.0035414,0.013637,0.014138,-0.017977,-0.003346,0.040014,-0.01277,-0.010022,0.020346,0.020617,-0.016321,-0.0056999,-0.015345,-0.028649,0.018139,-0.016199,-0.042,-0.0092969,-0.018221,0.055171,0.073553,-0.0088724,-0.015806,-0.0044501,-0.0058511,0.010694,-0.0056607,0.023857,0.020784,0.019283,-0.00024877,0.016234,0.015046,0.013775,-0.004816,0.040735,-0.015671,0,-0.041199,0.014349,-0.004941,-0.0027212,-0.00065795,-0.021995,-0.0060964,-0.012489,0.0023335,-0.011413,0.010568,-0.0052871,-0.027898,-0.013978,-0.010011,0.0017745,0.021154,0.0096096,0.011648,0.0076578,-0.020484,-0.015482,-0.01388,0.040161,0.018025,-0.0070726,0.00073829,-0.037489,-0.0041183,0.020253,-0.0092438,0.012075,-0.026196,0.034066,-0.014974,-0.035836,-0.0013171,-0.0093925,-0.028606,0.029456,0.037402,0.016609,0.015225,-0.036517,-0.038503,-0.0086188,0.0096992,-0.017849,-0.019954,-0.012585,0.0083833,-0.018941,0.012241,0.01893,-0.0070067,-0.025286,0.060208,0.042342,0.01401
